50 50 15 green brown 10 200
11111111111111111111111111111111111111111111111111
10000000000000000000000000000000000000000000000001
10000000000000000000000000000000000000000000000001
10000000000000000000000000000000000000000000000001
10000000000000000000000000000000000000000000000001
10000000000000000000000000000000000000000000000001
10000000000000000000000000000000000000000000000001
10000000000000000000000000000000000000000000000001
10000000000000000000000000000000000000000000000001
10000000000000000000000000000000000000000000000001
10000000000000000000000000000000000000000000000001
10000000000000000000000000000000000000000000000001
10000000000000000000000000000000000000000000000001
10000000000000000000000000000000000000000000000001
10000000000000000000000000000000000000000000000001
10000000000000000000000000000000000000000000000001
10000000000000000000000000000000000000000000000001
10000000000000000000000000000000000000000000000001
10000000000000000000000000000000000000000000000001
10000000000000000000000000000000000000000000000001
10000000000000000000000000000000000000000000000001
10000000000000000000000000000000000000000000000001
10000000000000000000000000000000000000000000000001
10000000000000000000000000000000000000000000000001
10000000000000000000000000000000000000000000000001
10000000000000000000000000000000000000000000000001
10000000000000000000000000000000000000000000000001
10000000000000000000000000000000000000000000000001
10000000000000000000000000000000000000000000000001
10000000000000000000000000000000000000000000000001
10000000000000000000000000000000000000000000000001
10000000000000000000000000000000000000000000000001
10000000000000000000000000000000000000000000000001
10000000000000000000000000000000000000000000000001
10000000000000000000000000000000000000000000000001
10000000000000000000000000000000000000000000000001
10000000000000000000000000000000000000000000000001
10000000000000000000000000000000000000000000000001
10000000000000000000000000000000000000000000000001
10000000000000000000000000000000000000000000000001
10000000000000000000000000000000000000000000000001
10000000000000000000000000000000000000000000000001
10000000000000000000000000000000000000000000000001
10000000000000000000000000000000000000000000000001
10000000000000000000000000000000000000000000000001
10000000000000000000000000000000000000000000000001
10000000000000000000000000000000000000000000000001
10000000000000000000000000000000000000000000000001
10000000000000000000000000000000000000000000000001
11111111111111111111111111111111111111111111111111